[[[1, 1, 1, 1, 22],
  [6, 6, 6, 6, 22],
  [2, 6, 9, 22, 22],
  [9, 9, 9, 9, 22],
  [10, 15, 15, 15, 15]],
 [[2, 11, 1, 19, 20],
  [2, 11, 13, 19, 21],
  [2, 11, 11, 19, 23],
  [2, 11, 17, 19, 24],
  [10, 14, 18, 15, 25]],
 [[3, 3, 3, 3, 20],
  [4, 13, 13, 19, 21],
  [8, 8, 8, 8, 23],
  [10, 14, 17, 17, 24],
  [10, 14, 18, 18, 25]],
 [[4, 12, 3, 20, 20],
  [4, 12, 13, 21, 21],
  [4, 12, 8, 23, 23],
  [4, 12, 17, 24, 24],
  [10, 14, 18, 25, 25]],
 [[5, 5, 5, 5, 20],
  [7, 5, 13, 16, 21],
  [7, 12, 16, 16, 23],
  [7, 7, 17, 16, 24],
  [7, 14, 18, 16, 25]]]
